2023/03/18

サンプルプログラム
20662000000000
1,107,037,889

2023/03/29

とりあえず作成。
9666666666
1,316,975,352


0000.txt  5 5.002   221750   7277777777  0  0 10
0001.txt  8 5.001    74940  15490909090  0  9 13
0002.txt  8 5.001    44304   9734387351  0  2 15
0003.txt 11 5.006     5879  27873015873  0  2 33
0004.txt 10 5.005    11876  16420707070  2  0 19
0005.txt 11 5.018     3552   9078256452  0  0 18
0006.txt  5 5.001   227776   2726190476  0  0  5
0007.txt  6 5.001   149565   7377777777  0  3  8
0008.txt  6 5.002    60761   1196428571  0  0  3
0009.txt  9 5.001    23623  15388492063  4  0 17
0010.txt  5 5.001   155043   2450000000  0  0  6
0011.txt 10 5.002    24763   9625178890  6  0  9
0012.txt  7 5.001    57593   4794934640  2  0  6
0013.txt 10 5.002    10366  15378831796  0  1 19
0014.txt 11 5.001    29486  28996266233  0  7 30
0015.txt 13 5.002     9433  25668226218  0 10 29
0016.txt 10 5.002    22700  10150432900  1  0 12
0017.txt  8 5.001    19675   4249242424  2  0  6
0018.txt  5 5.001   191393   1800000000  0  0  4
0019.txt 14 5.004     2639  21032389226  0  1 28

629818596495
2,053,189,180
